89860918710006540682
89860918710006542860

89860918710006542522

89860918710006542639

89860918710006542324

89860918710006542217

89860918710006540575

89860918710006541623

89860918710006541623

89860918710006540633

89860918710006540617

89860918710006540591

89860918710006540930

89860918710006541326

89860918710006541557

89860918710006541334

89860918710006541276

89860918710006542233

89860918710006541557

89860918710006541276

89860918710006541870

89860918710006542878

89860918710006543249

89860918710006540765

89860918710006541581

89860918710006541979

89860918710006540989

89860918710006542928

89860918710006541920

89860918710006541748

89860918710006543504

89860918710006542886

89860918710006543322

89860918710006540658

89860918710006542282

89860918710006540997

89860918710006542191

89860918710006540757

89860918710006541987

89860918710006542001

89860918710006541078

89860918710006542001

89860918710006542498

89860918710006541045

89860918710006542159

89860918710006542159

89860918710006542175

89860918710006542480

89860918710006541185

89860918710006541433

89860918710006540781

89860918710006542738

89860918710006542738

89860918710006542209

89860918710006542407

89860918710006541912

89860918710006541912

89860918710006540773

89860918710006542977

89860918710006542852

89860918710006542340

89860918710006542340

89860918710006541011

89860918710006540831

89860918710006540831

89860918710006541607

89860918710006541029

89860918710006543280

89860918710006542266

89860918710006542241

89860918710006543199

89860918710006540674

89860918710006540641

89860918710006541441

89860918710006541441

89860918710006542597

89860918710006542597

89860918710006541771

89860918710006541771

89860918710006542811

89860918710006543132

89860918710006542993

89860918710006543074

89860918710006542258

89860918710006542951

89860918710006543314

89860918710006543314

89860918710006543512

89860918710006543512

89860918710006542779

89860918710006541888

89860918710006541888

89860918710006542548

89860918710006542118

89860918710006542118

89860918710006541904

89860918710006543256

89860918710006540948

89860918710006542704

89860918710006543124

89860918710006541383

89860918710006541383

89860918710006540864

89860918710006540864

89860918710006543058

89860918710006540849

89860918710006541136

89860918710006541136

89860918710006540849

89860918710006541789

89860918710006542555

89860918710006541995

89860918710006541359

89860918710006541359

89860918710006541425

89860918710006540542

89860918710006543066

89860918710006542936

89860918710006542936

89860918710006541664

89860918710006543223

89860918710006540872

89860918710006540872

89860918710006543223

89860918710006542316

89860918710006542316

89860918710006542316

89860918710006541342

89860918710006540724

89860918710006542126

89860918710006541532

89860918710006541946

89860918710006543298

89860918710006540583

89860918710006543165

89860918710006541862

89860918710006541805

89860918710006542969

89860918710006542969

89860918710006541532

89860918710006542803

89860918710006542803

89860918710006543090

89860918710006543090

89860918710006540880

89860918710006543041

89860918710006543231

89860918710006542712

89860918710006542795

89860918710006541037

89860918710006542605

89860918710006541169

89860918710006542845

89860918710006541516

89860918710006541813

89860918710006542514

89860918710006543264

89860918710006541680

89860918710006541680

89860918710006542829

89860918710006542373

89860918710006541151

89860918710006541151

89860918710006542746

89860918710006541615

89860918710006541615

89860918710006542142

89860918710006541540

89860918710006541375

89860918710006541375

89860918710006542670

89860918710006543173

89860918710006543025

89860918710006542506

89860918710006541052

89860918710006540799

89860918710006540799

89860918710006543082

89860918710006542472

89860918710006543082

89860918710006540690

89860918710006543157

89860918710006543033

89860918710006542068

89860918710006541730

89860918710006541177

89860918710006543009

89860918710006542985

89860918710006540823

89860918710006542530

89860918710006541227

89860918710006542761

89860918710006542894

89860918710006542647

89860918710006541656

89860918710006542837

89860918710006542332

89860918710006542837

89860918710006541938

89860918710006541417

89860918710006543108

89860918710006542589

89860918710006542654

89860918710006543140

89860918710006541599

89860918710006541599

89860918710006541631

89860918710006540856

89860918710006542753

89860918710006541896

89860918710006542951

89860918710006541938

89860918710006541219

89860918710006540716

89860918710006543520

89860918710006540625

89860918710006543017

89860918710006540708

89860918710006543272

89860918710006543306

89860918710006540732

89860918710006541961

89860918710006541524

89860918710006542183

89860918710006540740

89860918710006542621

89860918710006542621

89860918710006542449

89860918710006542100

89860918710006541706

89860918710006540807

89860918710006542423

89860918710006542399

89860918710006541243

89860918710006542415

89860918710006541532

89860918710006542563

89860918710006543116

89860918710006543215

89860918710006541409

89860918710006542365

89860918710006541391

89860918710006542977

89860918710006541557

89860918710006542936

89860918710006542472

89860918710006542704

89860918710006541185

89860918710006542985

89860918710006542951

89860918710006541979

89860918710006540823

89860918710006543009

89860918710006541011

89860918710006541805

89860918710006542340

89860918710006542548

89860918710006541425

89860918710006541227

89860918710006542845

89860918710006540591

89860918710006541326

89860918710006541581

89860918710006540757

89860918710006541177

89860918710006542175

89860918710006540674

89860918710006541342

89860918710006542969

89860918710006540617

89860918710006543108

89860918710006540633

89860918710006542639

89860918710006542811

89860918710006543066

89860918710006541375

89860918710006542639

89860918710006543173

89860918710006540765

89860918710006542654

89860918710006542530

89860918710006541136

89860918710006542373

89860918710006541029

89860918710006542597

89860918710006543165

89860918710006542621

89860918710006543074

89860918710006541391

89860918710006540989

89860918710006543298

89860918710006543520

89860918710006540864

89860918710006543132

89860918710006541920

89860918710006543264

89860918710006540781

89860918710006543041

89860918710006542738

89860918710006540849

89860918710006542332

89860918710006541912

89860918710006541532

89860918710006542282

89860918710006541656

89860918710006542159

89860918710006541524

89860918710006542100

89860918710006542209

89860918710006543017

89860918710006542423

89860918710006543033

89860918710006542183

89860918710006542852

89860918710006542514

89860918710006542118

89860918710006541664

89860918710006542761

89860918710006541623

89860918710006543231

89860918710006543306

89860918710006541706

89860918710006541615

89860918710006541409

89860918710006542365

89860918710006542605

89860918710006542415

89860918710006540880

89860918710006542795

89860918710006543249

89860918710006542142

89860918710006540930

89860918710006542068

89860918710006542589

89860918710006541961

89860918710006542191

89860918710006543025

89860918710006542324

89860918710006543025

89860918710006543140

89860918710006542670

89860918710006542670

89860918710006542746

89860918710006541904

89860918710006541169

89860918710006543082

89860918710006540948

89860918710006543199

89860918710006541540

89860918710006542407

89860918710006543124

89860918710006541862

89860918710006541870

89860918710006540583

89860918710006543504

89860918710006541383

89860918710006541037

89860918710006541987

89860918710006543116

89860918710006542480

89860918710006541334

89860918710006541888

89860918710006542829

89860918710006543215

89860918710006540641

89860918710006543058

89860918710006542712

89860918710006543280

89860918710006543314

89860918710006540658

89860918710006540732

89860918710006542878

89860918710006540856

89860918710006540625

89860918710006542555

89860918710006540740

89860918710006540799

89860918710006543223

89860918710006540708

89860918710006542217

89860918710006541516

89860918710006541730

89860918710006540716

89860918710006541938

89860918710006540773

89860918710006541599

89860918710006542647

89860918710006540872

89860918710006542837

89860918710006541441

89860918710006542290

89860918710006541128

89860918710006541144

89860918710006543272

89860918710006543090

89860918710006540542

89860918710006542092

89860918710006543157

89860918710006541466

89860918710006541813

89860918710006542522

89860918710006543512

89860918710006542886

89860918710006541003

89860918710006541458

89860918710006541268

89860918710006541508

89860918710006540567

89860918710006542167

89860918710006540963

89860918710006541300

89860918710006542290

89860918710006541763

89860918710006541292

89860918710006541946

89860918710006541714

89860918710006541672

89860918710006542381

89860918710006541565

89860918710006542233

89860918710006541813

89860918710006542449

89860918710006542274

89860918710006542886

89860918710006541219

89860918710006542597

89860918710006542597

89860918710006542399

89860918710006541276

89860918710006541888

89860918710006542316

89860918710006541896

89860918710006543512

89860918710006543124

89860918710006541656

89860918710006540997

89860918710006541466

89860918710006542092

89860918710006543090

89860918710006542381

89860918710006541151

89860918710006541052

89860918710006541607

89860918710006543157

89860918710006541086

89860918710006542977

89860918710006540682

89860918710006540682

89860918710006540682

89860918710006540682

89860918710006540682
